1
2
3
4
5
6
7
8
9
10
11
8
9
10
11
-10
-8
28
36
-37
19
20
21
29
30
31
-18
-17
-16
-15
-14
-13
12
13
14
15
16
17
18
-31
-30
-29
-21
-20
-19
37
-36
-28
38
39
-23
-20
-19
-18
-17
-16
-11
-12
13
14
15
16
17
18
-31
-30
16
17
18
38
39
40
41
42
43
1
-38
-37
-36
-31
-30
-29
-28
-26
-25
-24
-23
-22
-20
-19
-18
-17
-16
-11
-12
11
15
14
15
16
17
18
-31
-30
-29
-21
-20
-19
37
-36
-31
-30
-29
-28
-26
-25
-24
-23
-22
-20
-19
37
38
39
40
41
42
43
