1
2
3
4
-7
-27
-26
-25
-24
-23
-22
-21
-20
-19
-18
-17
-16
-14
25
26
27
28
29
30
7
-6
-5
-4
-3
-1
-41
-40
39
-38
-37
8
9
10
11
14
37
38
39
40
41
42
43
1
3
4
5
6
-7
-30
-29
-28
-27
-26
-25
14
16
17
18
19
20
21
22
23
24
-13
-12
16
17
18
14
-10
9
-8
37
38
39
-38
-37
8
9
10
11
14
37
38
39
40
41
42
43
1
3
4
5
6
-7
-30
-29
28
-27
-26
-25
14
16
17
18
19
20
22
23
24
-13
-12
16
17
18
14
-10
9
-8
37
38
39
40
41
42
43
